6.727153937972084330e-02 -8.038071437086801579e-03 2.317166718194184523e-03 -3.153732170295561418e-04 9.610529948048582814e-04 8.759929225866802671e-02
6.663536924668779504e-02 -6.447464799392831417e-03 1.475320354904576230e-03 -1.035147287695461056e-04 4.926662331515736792e-04 8.758648873668971324e-02
6.620359659015066789e-02 -5.879555446315978817e-03 3.516518578245539286e-04 1.547702406368561552e-04 8.688251335424204930e-05 8.773767092028215975e-02
6.739764224371899703e-02 -6.028772238973511069e-03 1.950293115368961208e-03 -1.330094083827222922e-04 5.706163456497268579e-04 8.829338908749950754e-02
6.666340286422492434e-02 5.221804880557689944e-04 9.374481920205770787e-04 -2.013808308641131331e-04 2.551665427037028621e-04 8.737890304612976056e-02
6.596441169343712774e-02 6.033341327941318857e-04 2.543406798649951465e-05 -1.494657472842723510e-04 -2.831889218338495969e-05 8.803372189202436637e-02
6.523133378271796234e-02 -6.018935278573290734e-04 -9.947063017717000088e-04 -1.889401823734617814e-04 -1.197825027553858248e-04 8.810988748851308894e-02
6.564111784754594892e-02 7.210446497320678238e-06 -1.663958787783259682e-04 4.713143270923950742e-04 2.709579545204056426e-04 8.755475493387329666e-02
6.623009104388456747e-02 -4.382599328721939686e-04 1.869564370691054937e-04 6.834085537144217394e-05 2.682347726880096660e-04 8.779235325309925342e-02
6.674374396695835487e-02 -3.341082250665854386e-04 9.430837093505541491e-04 4.925431928078581703e-05 5.624161204953008475e-04 8.786898376474842898e-02
6.626193195860974328e-02 -2.620485861206757797e-04 3.554967386141360663e-04 1.374824568995520156e-04 3.361709184612886878e-04 8.779119959344124091e-02
6.774714296564868232e-02 -2.281258849451868746e-04 2.136504986468298114e-03 1.682213200690740830e-04 9.475862304065277774e-04 8.797445642723671078e-02
6.706302798435223589e-02 -3.759051164093798569e-04 1.290290794682884962e-03 1.558089772018285532e-04 7.386924485666127764e-04 8.744375938738110920e-02
6.746872706703387068e-02 -2.212516590223461614e-04 1.834846564700497954e-03 1.943353734433141567e-04 8.348176364563862509e-04 8.773554579653650154e-02
6.701979955442532999e-02 -3.367761362181420203e-04 1.285552392347228193e-03 2.576134564037693190e-05 6.257490281063354982e-04 8.805526868748660141e-02
6.676646693180607328e-02 -1.256165527744040747e-04 9.321054608520144488e-04 7.728551960442142275e-05 5.597283560730017095e-04 8.787812712936990400e-02
6.759935995514600171e-02 -1.751281881886626048e-04 2.045774882704067595e-03 3.445015160473038885e-04 8.001548132795863319e-04 8.782623120531568572e-02
6.828674159765074636e-02 -2.417306085537906436e-04 3.130902756289225767e-03 1.807473842735299980e-04 1.297110119072156188e-03 8.777023275655781998e-02
6.703339937219053579e-02 6.345673320233303225e-06 1.510190531431760373e-03 1.655719664364790661e-04 6.824911521101020969e-04 8.832397358013581445e-02
6.435264980278393443e-02 -3.371038887267078414e-04 -2.165154999060761067e-03 -1.795520491692468581e-04 -8.286508462835115874e-04 8.794486545058470550e-02
6.669286083246078745e-02 -8.278382664971856153e-03 1.473685473321573094e-03 -1.960924428342138571e-04 3.164036437243502860e-04 8.767145036843923545e-02
6.741018676352143746e-02 -8.376500782229664988e-03 2.091354377002335729e-03 -3.085694424011088764e-04 7.045521502940306924e-04 8.808053284373446035e-02
6.648569621669796204e-02 -6.826953190784399751e-03 9.202465874911555481e-04 -2.339348356534398513e-04 2.614368236250273194e-04 8.802125568177519843e-02
6.357962692015994843e-02 -6.877791467370109914e-03 -2.927195759952829456e-03 1.319960262524060121e-04 -1.024269420058404470e-03 8.802263838040348676e-02
6.916307444710929897e-02 -8.429874229555362961e-03 3.897395098506895895e-03 5.652253036294858490e-05 9.866929465098049461e-04 8.849170269681608247e-02
6.885605652361964646e-02 -7.743027680715367791e-05 3.719247779129183223e-03 -6.389453860783485739e-04 1.065739001519890559e-03 8.790274484826977874e-02
6.786085136057874723e-02 5.239464993101551398e-04 2.342976937131151412e-03 -3.516197186909049205e-04 7.772733573006883681e-04 8.816112930936528813e-02
6.320098771271959182e-02 -4.019454833787929537e-04 -3.980574451328025912e-03 2.982941369622472624e-05 -1.241111502519606910e-03 8.727668588070662536e-02
6.586257535150435993e-02 -8.727064721564465385e-04 -4.704997715146771054e-04 -7.129810221310882044e-05 -1.571932999104507466e-04 8.770894111128349491e-02
7.010633870545988910e-02 -8.679226024394384254e-04 4.974561429316035586e-03 -7.480124876213825559e-04 1.770427447648706496e-03 8.773381547037367723e-02
7.152315650501710198e-02 -4.145137149260031437e-04 6.334768999056681303e-03 -4.849803221528614975e-04 1.967035248394500939e-03 8.878584628385720323e-02
6.300821830665778722e-02 5.405683556821895986e-04 -3.984413870273156508e-03 -1.867326595867351653e-04 -1.117084091029178295e-03 8.770666096451754101e-02
6.249302122340760768e-02 2.037113927504655066e-04 -4.337284038483320107e-03 5.501641884781554052e-04 -9.952584707199486468e-04 8.733592472944241847e-02
6.257907992348395176e-02 2.186707163607944332e-04 -1.101876227546145235e-03 -2.939908657990787481e-04 -1.649481171597941753e-04 8.396493273306780691e-02
6.455483168477257894e-02 -2.422300186808082193e-04 -1.452796931632222444e-03 -6.880496634956041735e-06 -3.142084851350911276e-04 8.775717681794036051e-02
6.579878170772514301e-02 -2.407816672140805051e-04 -6.380903486204909936e-04 1.227177331352085992e-04 1.897452995171120538e-05 8.719052878781072269e-02
6.659595527107009527e-02 -9.967242473184485915e-05 1.267359020629065317e-03 5.967704589955995513e-05 5.659119138275493267e-04 8.676225016390820555e-02
6.812403417373372183e-02 -7.380642024621299603e-05 2.749588773076576571e-03 -8.305440585822591426e-05 9.730984985974523195e-04 8.798592057081901230e-02
6.510918775270586878e-02 1.496872635215046581e-04 -1.432002346487870007e-03 -3.177894907422515935e-04 -3.604850043241419714e-04 8.864283446007874268e-02
6.476905358683480995e-02 -6.239369028276211323e-06 -1.697059120647681843e-03 1.113513984980167419e-04 -4.425355307949022576e-04 8.820398397142084623e-02
6.802187706158026315e-02 3.794954500633711042e-04 2.616503780407860788e-03 1.734515322687617028e-04 7.910267514416860143e-04 8.810102823913409931e-02
6.672799175563323693e-02 4.340763300574313464e-04 1.019766723163183925e-03 1.246341311949083033e-04 3.311269702199568388e-04 8.777554946050741824e-02
6.529238104583212632e-02 -5.588445914375145008e-05 -1.328967063978693779e-03 1.087020292103845490e-04 -4.983134547616346107e-04 8.809394123756773831e-02
6.365062286636564981e-02 -4.740080814802107002e-04 -3.314311290286376440e-03 -1.661149967148457785e-04 -1.129764903219239967e-03 8.812552477210983115e-02
6.627023457246059013e-02 1.139082174791408237e-04 2.458847909894926339e-04 1.275053831225160322e-04 2.660477970072542436e-04 8.778190205061411899e-02
6.507998773952888838e-02 -3.349056518536803605e-06 -1.334767127350235116e-03 2.306750661097551312e-04 -2.283116314317293891e-04 8.755397176543391891e-02
6.425228859342158039e-02 1.344527455359807353e-04 -2.264390248382096814e-03 3.177751048455506569e-04 -6.244923181820151697e-04 8.808324983152317211e-02
6.580714261064932180e-02 -4.468745589063348868e-04 -7.645342841055938502e-04 -1.105715041861812174e-04 -6.394263436177248907e-04 8.771406593904948479e-02
6.903821124552662891e-02 2.717246745946695023e-04 3.526548812014542855e-03 1.270550913875717679e-04 1.132672429603237031e-03 8.832137139813063531e-02
6.564621947560708715e-02 5.144206082307002052e-04 -7.931186659560642655e-04 8.499784198775568083e-05 -3.684833620228026478e-04 8.818543359914866875e-02
6.484816476692978338e-02 -4.987415887461903912e-04 -2.147143912319458055e-03 1.900780840007100254e-04 -8.773471574605429778e-04 8.786139979680408774e-02
6.633305280059070830e-02 -6.103371407990547826e-04 -1.342425621189743804e-04 -2.170556701500451179e-05 -1.928140472079328490e-04 8.802496419744690326e-02
6.781249624856283686e-02 1.133056390858393165e-04 1.549367595480112764e-03 -9.122281787736136847e-06 -4.743806893948950877e-05 8.903532747121584157e-02
6.460909474698935118e-02 -3.525791118055234983e-04 -2.496051345416550830e-03 -4.364074029672286885e-04 -1.216023756265654371e-03 8.768725464615934051e-02
6.720511735578899026e-02 1.536374869170976855e-04 1.211026800347511168e-03 -5.940738720841598800e-06 2.394865589107218122e-04 8.860293896107691858e-02
6.468550302494144311e-02 2.095023647754484005e-04 -1.783088671220292836e-03 9.455339164472230970e-05 -6.004760948046799097e-04 8.760007742421552224e-02
6.292636867762181618e-02 1.085057204209030060e-04 -4.128922892668350844e-03 6.414224389081075572e-05 -1.182369696526994890e-03 8.730174476698075725e-02
6.980462856109968806e-02 -4.215696532314733909e-05 4.595108996585294849e-03 -7.475853815657283058e-05 1.994443919605443701e-03 8.813612030932282959e-02
6.892490039129990642e-02 5.144974548305647217e-05 3.516598124474011079e-03 2.283415985292441667e-04 1.413432526197597704e-03 8.794131670150485969e-02
6.902892851809155905e-02 6.518556835964733041e-05 3.534681138984378281e-03 9.478381147295793804e-05 1.251827152166338185e-03 8.773130705876265589e-02
6.359679352809934072e-02 5.235228956638637203e-04 -3.131606565082872742e-03 6.416334395822084844e-04 -7.677424587019470543e-04 8.830830870081482487e-02
6.202087740994435827e-02 5.649452594620351558e-04 -5.069873623113261424e-03 -3.822201474341320243e-04 -1.716572643774702794e-03 8.651417859800374088e-02
6.731450888337084382e-02 -1.141921730329231071e-03 1.740199929555700858e-03 -5.461085652153713698e-04 6.134935860511192031e-04 8.841376418469090726e-02
7.033966342252266635e-02 -7.992165433768653668e-04 5.409485757551321487e-03 -4.896477789366146006e-04 1.985178357895036293e-03 8.739437414410194949e-02
6.790274540267472736e-02 3.932193076635385164e-04 2.480614467113993662e-03 -1.959252115767044040e-04 1.089503219343923796e-03 8.843729073509440375e-02
6.681584511616661670e-02 9.953713303715013092e-04 9.607812938714710644e-04 2.343867603713030055e-04 5.172736022138838550e-04 8.776969860614436403e-02
6.673669986698260725e-02 -6.744197314578444843e-04 4.367703333601771439e-04 1.462030999629417355e-05 3.206272471203036904e-05 8.746631466638447872e-02
6.429657155456401652e-02 7.263645845064033884e-05 -2.803883627336802367e-03 -2.410094206578703357e-04 -1.017574263332554369e-03 8.801748462069976242e-02
6.384553022815990520e-02 -6.291993628769415668e-05 -3.229831240168207218e-03 -1.231385488781106723e-04 -1.173970204090215089e-03 8.788176004607389791e-02
6.747940522996018209e-02 6.092803568332251800e-05 1.937621684576100282e-03 -5.698079047739076518e-05 6.497788834420570835e-04 8.806463209096299094e-02
6.937374536281420978e-02 -6.068257478826191882e-04 4.124949878587199671e-03 -1.790905531511432385e-04 1.549359570871695988e-03 8.825545093228014115e-02
6.804383275542900955e-02 -6.313647978884915322e-05 2.664959228590146976e-03 -3.396243274349699251e-05 1.152957565770370467e-03 8.848604299054056710e-02
6.613176574105969485e-02 -4.482917055589643565e-04 1.165237771941284397e-04 -1.829029269765041876e-04 4.153024946138552873e-04 8.785360861222021867e-02
